5  14.452326407531032  10.915862059958636
5  17.070883481632606  10.603996361510426
5  18.974881229479305  10.944791149387738
5  20.840989215012115  12.042188759786676
5  22.606677037912505  11.19056612122444
5  25.439431400508926  10.412825408621972
5  26.770331535365415  10.629071095410605
5  28.893075197376536  10.947132435579501
5  31.996055265473696  11.160185312908146
5  32.24330276285912  10.941039366131163
5  34.81902103031893  9.913320430956537
5  37.29330452710577  11.008306049758593
5  38.715666492313524  10.76288214608308
5  41.13217849846959  10.775046881760492
5  42.30775594784632  11.204976766590349
5  44.30323993308516  11.23914783320171
5  47.251520818991764  10.781171486131026
5  48.80223157205244  10.837701763747914
5  51.48644201141038  10.35107799418025
5  53.00968291821363  11.213177886835883
5  55.22539292009399  10.588072815159132
5  57.65607935987713  10.340055378400322
5  58.70342085379676  10.642672737667878
5  61.88015006396821  10.010560264782365
5  62.94029210507724  10.175510620929892
5  64.80125150034776  9.724945990207049
5  66.62626297490192  10.346099609200477
5  68.29870314362657  10.449569746948045
5  70.74880600480726  10.410076612230343
5  72.77042107566051  11.0340274288421
5  74.71778000595388  10.687232993586457
5  77.89149975850417  10.924336998811905
5  78.6395849387511  10.599800401919548
5  81.3371798834813  10.832185007296129
5  83.27351002487721  10.586344216121129
5  84.99323009147824  11.626731411186734
5  85.83558542178197  10.98782569046275
5  89.26681665921409  10.315480561455253
5  91.13157188511546  10.121428454096122
5  92.87852842106481  10.223322657493332
5  95.24870669885739  11.843403625168627
5  97.15807482209067  11.17398548081004
5  99.50799877776956  9.746056073484521
5  101.0203617742366  11.224043370512753
5  103.61117038335335  11.173134615572923
5  104.2217645177531  11.61379468455389
5  106.78709687371338  10.733819030999927
5  108.62520199340088  11.247877022136274
5  110.06049383862641  10.364773143980424
5  112.77046523364488  11.531309298976335
